1.958238193018480388e+03 3.161000000000000227e+02
1.958314852840520189e+03 3.163999999999999773e+02
1.958506502395619464e+03 3.158000000000000114e+02
1.958583162217659037e+03 3.156000000000000227e+02
1.958678986995208788e+03 3.135000000000000000e+02
1.958908966461327964e+03 3.140000000000000000e+02
1.958985626283367537e+03 3.151999999999999886e+02
1.959062286105407338e+03 3.158000000000000114e+02
1.959158110882956862e+03 3.166000000000000227e+02
1.959253935660506613e+03 3.176999999999999886e+02
1.959330595482546187e+03 3.181999999999999886e+02
1.959426420260095711e+03 3.185000000000000000e+02
1.959503080082135511e+03 3.168000000000000114e+02
1.959579739904175312e+03 3.156000000000000227e+02
1.959675564681724836e+03 3.143999999999999773e+02
1.959752224503764637e+03 3.130000000000000000e+02
1.959828884325804211e+03 3.141000000000000227e+02
1.959905544147844012e+03 3.151000000000000227e+02
1.959982203969883585e+03 3.156999999999999886e+02
1.960058863791923386e+03 3.165000000000000000e+02
1.960135523613962960e+03 3.173999999999999773e+02
1.960212183436002761e+03 3.180000000000000000e+02
1.960288843258042334e+03 3.190000000000000000e+02
1.960365503080082135e+03 3.198000000000000114e+02
1.960442162902121936e+03 3.200000000000000000e+02
1.960518822724161510e+03 3.186000000000000227e+02
1.960595482546201310e+03 3.166000000000000227e+02
1.960672142368240884e+03 3.146999999999999886e+02
1.960748802190280685e+03 3.136000000000000227e+02
1.960825462012320259e+03 3.141999999999999886e+02
1.960902121834360059e+03 3.153999999999999773e+02
1.960978781656399633e+03 3.163999999999999773e+02
1.961055441478439434e+03 3.170000000000000000e+02
1.961132101300479007e+03 3.178999999999999773e+02
1.961208761122518808e+03 3.188999999999999773e+02
1.961285420944558609e+03 3.188999999999999773e+02
1.961362080766598183e+03 3.203999999999999773e+02
1.961438740588637984e+03 3.200000000000000000e+02
1.961515400410677557e+03 3.190000000000000000e+02
1.961592060232717358e+03 3.178999999999999773e+02
1.961668720054756932e+03 3.151999999999999886e+02
1.961745379876796733e+03 3.156000000000000227e+02
1.961822039698836306e+03 3.156999999999999886e+02
1.961898699520876107e+03 3.165000000000000000e+02
1.961975359342915908e+03 3.171000000000000227e+02
1.962052019164955482e+03 3.180000000000000000e+02
1.962128678986995283e+03 3.188999999999999773e+02
1.962205338809034856e+03 3.198999999999999773e+02
1.962281998631074657e+03 3.210000000000000000e+02
1.962358658453114231e+03 3.206999999999999886e+02
1.962435318275154032e+03 3.208000000000000114e+02
1.962511978097193605e+03 3.201000000000000227e+02
1.962588637919233406e+03 3.186000000000000227e+02
1.962722792607802830e+03 3.156999999999999886e+02
1.962799452429842631e+03 3.156999999999999886e+02
1.962876112251882205e+03 3.168999999999999773e+02
1.962952772073922006e+03 3.176000000000000227e+02
1.963048596851471530e+03 3.188999999999999773e+02
1.963144421629021281e+03 3.193000000000000114e+02
1.963221081451060854e+03 3.203000000000000114e+02
1.963297741273100655e+03 3.220000000000000000e+02
1.963393566050650179e+03 3.221999999999999886e+02
1.963470225872689980e+03 3.208000000000000114e+02
1.963546885694729554e+03 3.195000000000000000e+02
1.963623545516769354e+03 3.176999999999999886e+02
1.963700205338808928e+03 3.158999999999999773e+02
1.963776865160848729e+03 3.156000000000000227e+02
1.963853524982888530e+03 3.168000000000000114e+02
1.963949349760438054e+03 3.181999999999999886e+02
1.964026009582477855e+03 3.193999999999999773e+02
1.964485968514715978e+03 3.215000000000000000e+02
1.964562628336755552e+03 3.200000000000000000e+02
1.964658453114305303e+03 3.181000000000000227e+02
1.964735112936344876e+03 3.170000000000000000e+02
1.964811772758384677e+03 3.170000000000000000e+02
1.964888432580424251e+03 3.175000000000000000e+02
1.964965092402464052e+03 3.188999999999999773e+02
1.965041752224503853e+03 3.191000000000000227e+02
1.965118412046543426e+03 3.201000000000000227e+02
1.965195071868583227e+03 3.208999999999999773e+02
1.965271731690622801e+03 3.221999999999999886e+02
1.965348391512662602e+03 3.221999999999999886e+02
1.965425051334702175e+03 3.218000000000000114e+02
1.965501711156741976e+03 3.218999999999999773e+02
1.965578370978781550e+03 3.193999999999999773e+02
1.965655030800821351e+03 3.186999999999999886e+02
1.965731690622861151e+03 3.168000000000000114e+02
1.965808350444900725e+03 3.175000000000000000e+02
1.965885010266940526e+03 3.188999999999999773e+02
1.965961670088980100e+03 3.193000000000000114e+02
1.966038329911019900e+03 3.206000000000000227e+02
1.966114989733059474e+03 3.216999999999999886e+02
1.966191649555099275e+03 3.221000000000000227e+02
1.966268309377138849e+03 3.236000000000000227e+02
1.966344969199178649e+03 3.240000000000000000e+02
1.966421629021218450e+03 3.240000000000000000e+02
1.966498288843258024e+03 3.228000000000000114e+02
1.966632443531827448e+03 3.191000000000000227e+02
1.966709103353867249e+03 3.183999999999999773e+02
1.966785763175906823e+03 3.181999999999999886e+02
1.966881587953456574e+03 3.200000000000000000e+02
1.966958247775496147e+03 3.211000000000000227e+02
1.967034907597535948e+03 3.228999999999999773e+02
1.967149897330595422e+03 3.226000000000000227e+02
1.967226557152635223e+03 3.231999999999999886e+02
1.967303216974674797e+03 3.246000000000000227e+02
1.967379876796714598e+03 3.250000000000000000e+02
1.967456536618754171e+03 3.233000000000000114e+02
1.967533196440793972e+03 3.223999999999999773e+02
1.967609856262833773e+03 3.213999999999999773e+02
1.967686516084873347e+03 3.193999999999999773e+02
1.967763175906913148e+03 3.188000000000000114e+02
1.967839835728952721e+03 3.200000000000000000e+02
1.967916495550992522e+03 3.213999999999999773e+02
1.967993155373032096e+03 3.223000000000000114e+02
1.968069815195071897e+03 3.228000000000000114e+02
1.968146475017111470e+03 3.231000000000000227e+02
1.968223134839151271e+03 3.241999999999999886e+02
1.968299794661191072e+03 3.248000000000000114e+02
1.968376454483230646e+03 3.255000000000000000e+02
1.968453114305270446e+03 3.255000000000000000e+02
1.968529774127310020e+03 3.241000000000000227e+02
1.968606433949349821e+03 3.221999999999999886e+02
1.968683093771389395e+03 3.203999999999999773e+02
1.968759753593429195e+03 3.205000000000000000e+02
1.968836413415468769e+03 3.206999999999999886e+02
1.968913073237508570e+03 3.220000000000000000e+02
1.968989733059548144e+03 3.231000000000000227e+02
1.969066392881587944e+03 3.241000000000000227e+02
1.969143052703627745e+03 3.248000000000000114e+02
1.969219712525667319e+03 3.258999999999999773e+02
1.969296372347707120e+03 3.265000000000000000e+02
1.969373032169746693e+03 3.268000000000000114e+02
1.969449691991786494e+03 3.266999999999999886e+02
1.969526351813826068e+03 3.260000000000000000e+02
1.969603011635865869e+03 3.245000000000000000e+02
1.969679671457905442e+03 3.221999999999999886e+02
1.969756331279945243e+03 3.215000000000000000e+02
1.969832991101985044e+03 3.221999999999999886e+02
1.969909650924024618e+03 3.235000000000000000e+02
1.969986310746064419e+03 3.245000000000000000e+02
1.970062970568103992e+03 3.248000000000000114e+02
1.970139630390143793e+03 3.263000000000000114e+02
1.970216290212183367e+03 3.275000000000000000e+02
1.970292950034223168e+03 3.278000000000000114e+02
1.970369609856262741e+03 3.280000000000000000e+02
1.970446269678302542e+03 3.278000000000000114e+02
1.970522929500342343e+03 3.261999999999999886e+02
1.970599589322381917e+03 3.251999999999999886e+02
1.970676249144421718e+03 3.228999999999999773e+02
1.970752908966461291e+03 3.231999999999999886e+02
1.970829568788501092e+03 3.231000000000000227e+02
1.970906228610540666e+03 3.246999999999999886e+02
1.970982888432580467e+03 3.255000000000000000e+02
1.971059548254620040e+03 3.266999999999999886e+02
1.971136208076659841e+03 3.266999999999999886e+02
1.971212867898699415e+03 3.270000000000000000e+02
1.971289527720739216e+03 3.276999999999999886e+02
1.971366187542779016e+03 3.291999999999999886e+02
1.971442847364818590e+03 3.288000000000000114e+02
1.971519507186858391e+03 3.278000000000000114e+02
1.971596167008897964e+03 3.261000000000000227e+02
1.971672826830937765e+03 3.236000000000000227e+02
1.971749486652977339e+03 3.233000000000000114e+02
1.971826146475017140e+03 3.243999999999999773e+02
1.971902806297056713e+03 3.255000000000000000e+02
1.971979466119096514e+03 3.263000000000000114e+02
1.972056125941136315e+03 3.266000000000000227e+02
1.972132785763175889e+03 3.278000000000000114e+02
1.972209445585215690e+03 3.276999999999999886e+02
1.972286105407255263e+03 3.298000000000000114e+02
1.972362765229295064e+03 3.296999999999999886e+02
1.972439425051334638e+03 3.291000000000000227e+02
1.972516084873374439e+03 3.283000000000000114e+02
1.972592744695414012e+03 3.268999999999999773e+02
1.972669404517453813e+03 3.253999999999999773e+02
1.972746064339493387e+03 3.241999999999999886e+02
1.972822724161533188e+03 3.258000000000000114e+02
1.972899383983572989e+03 3.268999999999999773e+02
1.972976043805612562e+03 3.278999999999999773e+02
1.973052703627652363e+03 3.286000000000000227e+02
1.973129363449691937e+03 3.296000000000000227e+02
1.973206023271731738e+03 3.305000000000000000e+02
1.973282683093771311e+03 3.311000000000000227e+02
1.973359342915811112e+03 3.323000000000000114e+02
1.973436002737850686e+03 3.325000000000000000e+02
1.973512662559890487e+03 3.315000000000000000e+02
1.973589322381930288e+03 3.300000000000000000e+02
1.973665982203969861e+03 3.283999999999999773e+02
1.973742642026009662e+03 3.266000000000000227e+02
1.973819301848049236e+03 3.271000000000000227e+02
1.973895961670089036e+03 3.285000000000000000e+02
1.973972621492128610e+03 3.281999999999999886e+02
1.974049281314168411e+03 3.293999999999999773e+02
1.974125941136207985e+03 3.306000000000000227e+02
1.974202600958247785e+03 3.321000000000000227e+02
1.974279260780287586e+03 3.321000000000000227e+02
1.974355920602327160e+03 3.330000000000000000e+02
1.974432580424366961e+03 3.320000000000000000e+02
1.974509240246406534e+03 3.316999999999999886e+02
1.974585900068446335e+03 3.300000000000000000e+02
1.974662559890485909e+03 3.281000000000000227e+02
1.974739219712525710e+03 3.273000000000000114e+02
1.974815879534565283e+03 3.276999999999999886e+02
1.974892539356605084e+03 3.286000000000000227e+02
1.974969199178644658e+03 3.298000000000000114e+02
1.975045859000684459e+03 3.301999999999999886e+02
1.975122518822724260e+03 3.310000000000000000e+02
1.975199178644763833e+03 3.318999999999999773e+02
1.975275838466803634e+03 3.335000000000000000e+02
1.975352498288843208e+03 3.338999999999999773e+02
1.975429158110883009e+03 3.338000000000000114e+02
1.975505817932922582e+03 3.326999999999999886e+02
1.975582477754962383e+03 3.308000000000000114e+02
1.975659137577001957e+03 3.288000000000000114e+02
1.975735797399041758e+03 3.281999999999999886e+02
1.975812457221081559e+03 3.288000000000000114e+02
1.975889117043121132e+03 3.295000000000000000e+02
1.975965776865160933e+03 3.311000000000000227e+02
1.976042436687200507e+03 3.316999999999999886e+02
1.976119096509240308e+03 3.325000000000000000e+02
1.976195756331279881e+03 3.336000000000000227e+02
1.976272416153319682e+03 3.341999999999999886e+02
1.976349075975359256e+03 3.343000000000000114e+02
1.976425735797399057e+03 3.343000000000000114e+02
1.976521560574948580e+03 3.333999999999999773e+02
1.976598220396988381e+03 3.316999999999999886e+02
1.976674880219027955e+03 3.296999999999999886e+02
1.976751540041067756e+03 3.288000000000000114e+02
1.976828199863107557e+03 3.290000000000000000e+02
1.976904859685147130e+03 3.306999999999999886e+02
1.976981519507186931e+03 3.321999999999999886e+02
1.977058179329226505e+03 3.331999999999999886e+02
1.977134839151266306e+03 3.333999999999999773e+02
1.977211498973305879e+03 3.351000000000000227e+02
1.977288158795345680e+03 3.360000000000000000e+02
1.977364818617385254e+03 3.363999999999999773e+02
1.977441478439425055e+03 3.363000000000000114e+02
1.977518138261464856e+03 3.351000000000000227e+02
1.977594798083504429e+03 3.330000000000000000e+02
1.977671457905544230e+03 3.321000000000000227e+02
1.977748117727583804e+03 3.303999999999999773e+02
1.977824777549623605e+03 3.316999999999999886e+02
1.977901437371663178e+03 3.328000000000000114e+02
1.977978097193702979e+03 3.341999999999999886e+02
1.978054757015742553e+03 3.353999999999999773e+02
1.978131416837782353e+03 3.356000000000000227e+02
1.978208076659821927e+03 3.368000000000000114e+02
1.978284736481861728e+03 3.378999999999999773e+02
1.978361396303901529e+03 3.381000000000000227e+02
1.978438056125941102e+03 3.381999999999999886e+02
1.978514715947980903e+03 3.366999999999999886e+02
1.978591375770020477e+03 3.351000000000000227e+02
1.978668035592060278e+03 3.338000000000000114e+02
1.978744695414099851e+03 3.326999999999999886e+02
1.978821355236139652e+03 3.331000000000000227e+02
1.978898015058179226e+03 3.341999999999999886e+02
1.978974674880219027e+03 3.351000000000000227e+02
1.979051334702258828e+03 3.368000000000000114e+02
1.979127994524298401e+03 3.366999999999999886e+02
1.979204654346338202e+03 3.373999999999999773e+02
1.979281314168377776e+03 3.386000000000000227e+02
1.979357973990417577e+03 3.388000000000000114e+02
1.979434633812457150e+03 3.395000000000000000e+02
1.979511293634496951e+03 3.381999999999999886e+02
1.979587953456536525e+03 3.370000000000000000e+02
1.979664613278576326e+03 3.343999999999999773e+02
1.979741273100616127e+03 3.341000000000000227e+02
1.979817932922655700e+03 3.341000000000000227e+02
1.979894592744695501e+03 3.356000000000000227e+02
1.979971252566735075e+03 3.368000000000000114e+02
1.980047912388774876e+03 3.383000000000000114e+02
1.980124572210814449e+03 3.386000000000000227e+02
1.980201232032854250e+03 3.400000000000000000e+02
1.980277891854893824e+03 3.408999999999999773e+02
1.980354551676933625e+03 3.413000000000000114e+02
1.980431211498973198e+03 3.413000000000000114e+02
1.980507871321012999e+03 3.403999999999999773e+02
1.980584531143052800e+03 3.378999999999999773e+02
1.980661190965092374e+03 3.370000000000000000e+02
1.980737850787132174e+03 3.360000000000000000e+02
1.980814510609171748e+03 3.363999999999999773e+02
1.980891170431211549e+03 3.373000000000000114e+02
1.980967830253251122e+03 3.383000000000000114e+02
1.981044490075290923e+03 3.393000000000000114e+02
1.981121149897330497e+03 3.400000000000000000e+02
1.981197809719370298e+03 3.410000000000000000e+02
1.981274469541410099e+03 3.423999999999999773e+02
1.981351129363449672e+03 3.430000000000000000e+02
1.981427789185489473e+03 3.426000000000000227e+02
1.981504449007529047e+03 3.410000000000000000e+02
1.981581108829568848e+03 3.395000000000000000e+02
1.981657768651608421e+03 3.376999999999999886e+02
1.981734428473648222e+03 3.358999999999999773e+02
1.981811088295687796e+03 3.371999999999999886e+02
1.981887748117727597e+03 3.385000000000000000e+02
1.981964407939767170e+03 3.396000000000000227e+02
1.982041067761806971e+03 3.406999999999999886e+02
1.982117727583846772e+03 3.411000000000000227e+02
1.982194387405886346e+03 3.426000000000000227e+02
1.982271047227926147e+03 3.433000000000000114e+02
1.982347707049965720e+03 3.436000000000000227e+02
1.982424366872005521e+03 3.433999999999999773e+02
1.982501026694045095e+03 3.425000000000000000e+02
1.982577686516084896e+03 3.413000000000000114e+02
1.982654346338124469e+03 3.383000000000000114e+02
1.982731006160164270e+03 3.368999999999999773e+02
1.982807665982204071e+03 3.378999999999999773e+02
1.982884325804243645e+03 3.396999999999999886e+02
1.982960985626283446e+03 3.406999999999999886e+02
1.983037645448323019e+03 3.415000000000000000e+02
1.983114305270362820e+03 3.426999999999999886e+02
1.983190965092402394e+03 3.425000000000000000e+02
1.983267624914442194e+03 3.448000000000000114e+02
1.983344284736481768e+03 3.453999999999999773e+02
1.983420944558521569e+03 3.456000000000000227e+02
1.983497604380561370e+03 3.446999999999999886e+02
1.983574264202600943e+03 3.426000000000000227e+02
1.983650924024640744e+03 3.418000000000000114e+02
1.983727583846680318e+03 3.398999999999999773e+02
1.983804243668720119e+03 3.401999999999999886e+02
1.983880903490759692e+03 3.411000000000000227e+02
1.983957563312799493e+03 3.433000000000000114e+02
1.984034223134839067e+03 3.433999999999999773e+02
1.984110882956878868e+03 3.445000000000000000e+02
1.984187542778918441e+03 3.448999999999999773e+02
1.984340862422998043e+03 3.473999999999999773e+02
1.984417522245037617e+03 3.470000000000000000e+02
1.984494182067077418e+03 3.461999999999999886e+02
1.984570841889116991e+03 3.443999999999999773e+02
1.984647501711156792e+03 3.420000000000000000e+02
1.984724161533196366e+03 3.413000000000000114e+02
1.984800821355236167e+03 3.418999999999999773e+02
1.984877481177275740e+03 3.431000000000000227e+02
1.984954140999315541e+03 3.441999999999999886e+02
1.985030800821355342e+03 3.450000000000000000e+02
1.985107460643394916e+03 3.455000000000000000e+02
1.985184120465434717e+03 3.471000000000000227e+02
1.985260780287474290e+03 3.480000000000000000e+02
1.985337440109514091e+03 3.488000000000000114e+02
1.985414099931553665e+03 3.490000000000000000e+02
1.985490759753593466e+03 3.473999999999999773e+02
1.985567419575633039e+03 3.456999999999999886e+02
1.985663244353182790e+03 3.436999999999999886e+02
1.985739904175222364e+03 3.421000000000000227e+02
1.985816563997262165e+03 3.431999999999999886e+02
1.985893223819301738e+03 3.446000000000000227e+02
1.985969883641341539e+03 3.451000000000000227e+02
1.986046543463381340e+03 3.461999999999999886e+02
1.986123203285420914e+03 3.471000000000000227e+02
1.986199863107460715e+03 3.471999999999999886e+02
1.986276522929500288e+03 3.493999999999999773e+02
1.986353182751540089e+03 3.501000000000000227e+02
1.986429842573579663e+03 3.496999999999999886e+02
1.986506502395619464e+03 3.486000000000000227e+02
1.986583162217659037e+03 3.466000000000000227e+02
1.986659822039698838e+03 3.451999999999999886e+02
1.986736481861738639e+03 3.445000000000000000e+02
1.986813141683778213e+03 3.445000000000000000e+02
1.986889801505818014e+03 3.456999999999999886e+02
1.986966461327857587e+03 3.468999999999999773e+02
1.987043121149897388e+03 3.481999999999999886e+02
1.987119780971936962e+03 3.481999999999999886e+02
1.987196440793976763e+03 3.491999999999999886e+02
1.987273100616016336e+03 3.501999999999999886e+02
1.987349760438056137e+03 3.520000000000000000e+02
1.987426420260095711e+03 3.516000000000000227e+02
1.987503080082135511e+03 3.496999999999999886e+02
1.987579739904175312e+03 3.490000000000000000e+02
1.987656399726214886e+03 3.466999999999999886e+02
1.987733059548254687e+03 3.458000000000000114e+02
1.987809719370294260e+03 3.468000000000000114e+02
1.987886379192334061e+03 3.481000000000000227e+02
1.987963039014373635e+03 3.491000000000000227e+02
1.988039698836413436e+03 3.501999999999999886e+02
1.988116358658453009e+03 3.513000000000000114e+02
1.988193018480492810e+03 3.518000000000000114e+02
1.988269678302532611e+03 3.535000000000000000e+02
1.988346338124572185e+03 3.536999999999999886e+02
1.988422997946611986e+03 3.541000000000000227e+02
1.988499657768651559e+03 3.530000000000000000e+02
1.988576317590691360e+03 3.511000000000000227e+02
1.988652977412730934e+03 3.496000000000000227e+02
1.988729637234770735e+03 3.481000000000000227e+02
1.988806297056810308e+03 3.493999999999999773e+02
1.988882956878850109e+03 3.501000000000000227e+02
1.988959616700889910e+03 3.516000000000000227e+02
1.989036276522929484e+03 3.528999999999999773e+02
1.989112936344969285e+03 3.526000000000000227e+02
1.989189596167008858e+03 3.533999999999999773e+02
1.989266255989048659e+03 3.550000000000000000e+02
1.989342915811088233e+03 3.553000000000000114e+02
1.989419575633128034e+03 3.558000000000000114e+02
1.989496235455167607e+03 3.545000000000000000e+02
1.989572895277207408e+03 3.531999999999999886e+02
1.989649555099246982e+03 3.503999999999999773e+02
1.989726214921286783e+03 3.493000000000000114e+02
1.989802874743326583e+03 3.501999999999999886e+02
1.989879534565366157e+03 3.516000000000000227e+02
1.989956194387405958e+03 3.523999999999999773e+02
1.990032854209445532e+03 3.535000000000000000e+02
1.990109514031485332e+03 3.550000000000000000e+02
1.990186173853524906e+03 3.548999999999999773e+02
1.990262833675564707e+03 3.561000000000000227e+02
1.990339493497604280e+03 3.573000000000000114e+02
1.990416153319644081e+03 3.570000000000000000e+02
1.990492813141683882e+03 3.556999999999999886e+02
1.990569472963723456e+03 3.546999999999999886e+02
1.990646132785763257e+03 3.520000000000000000e+02
1.990722792607802830e+03 3.508999999999999773e+02
1.990799452429842631e+03 3.513999999999999773e+02
1.990876112251882205e+03 3.530000000000000000e+02
1.990952772073922006e+03 3.538000000000000114e+02
1.991029431895961579e+03 3.546999999999999886e+02
1.991106091718001380e+03 3.551999999999999886e+02
1.991182751540040954e+03 3.571999999999999886e+02
1.991259411362080755e+03 3.583000000000000114e+02
1.991336071184120556e+03 3.591000000000000227e+02
1.991412731006160129e+03 3.585000000000000000e+02
1.991489390828199930e+03 3.576999999999999886e+02
1.991566050650239504e+03 3.553000000000000114e+02
1.991642710472279305e+03 3.530000000000000000e+02
1.991719370294318878e+03 3.518000000000000114e+02
1.991796030116358679e+03 3.525000000000000000e+02
1.991872689938398253e+03 3.535000000000000000e+02
1.991949349760438054e+03 3.548999999999999773e+02
1.992026009582477855e+03 3.560000000000000000e+02
1.992102669404517428e+03 3.566999999999999886e+02
1.992179329226557229e+03 3.573000000000000114e+02
1.992255989048596803e+03 3.585000000000000000e+02
1.992332648870636604e+03 3.596000000000000227e+02
1.992409308692676177e+03 3.601999999999999886e+02
1.992485968514715978e+03 3.583999999999999773e+02
1.992562628336755552e+03 3.561000000000000227e+02
1.992639288158795353e+03 3.545000000000000000e+02
1.992715947980835153e+03 3.523000000000000114e+02
1.992792607802874727e+03 3.531999999999999886e+02
1.992869267624914528e+03 3.538000000000000114e+02
1.992945927446954101e+03 3.553000000000000114e+02
1.993022587268993902e+03 3.568999999999999773e+02
1.993099247091033476e+03 3.566000000000000227e+02
1.993175906913073277e+03 3.583000000000000114e+02
1.993252566735112850e+03 3.591000000000000227e+02
1.993329226557152651e+03 3.596000000000000227e+02
1.993405886379192225e+03 3.603000000000000114e+02
1.993482546201232026e+03 3.591000000000000227e+02
1.993559206023271827e+03 3.566000000000000227e+02
1.993635865845311400e+03 3.548999999999999773e+02
1.993712525667351201e+03 3.538000000000000114e+02
1.993789185489390775e+03 3.540000000000000000e+02
1.993865845311430576e+03 3.551000000000000227e+02
1.993942505133470149e+03 3.565000000000000000e+02
1.994019164955509950e+03 3.581000000000000227e+02
1.994095824777549524e+03 3.583999999999999773e+02
1.994172484599589325e+03 3.586999999999999886e+02
1.994249144421629126e+03 3.606000000000000227e+02
1.994325804243668699e+03 3.621999999999999886e+02
1.994402464065708500e+03 3.618999999999999773e+02
1.994479123887748074e+03 3.606999999999999886e+02
1.994555783709787875e+03 3.590000000000000000e+02
1.994632443531827448e+03 3.576000000000000227e+02
1.994709103353867249e+03 3.553999999999999773e+02
1.994785763175906823e+03 3.560000000000000000e+02
1.994862422997946624e+03 3.573999999999999773e+02
1.994939082819986197e+03 3.591000000000000227e+02
1.995015742642025998e+03 3.596000000000000227e+02
1.995092402464065799e+03 3.606000000000000227e+02
1.995169062286105373e+03 3.621999999999999886e+02
1.995245722108145173e+03 3.638000000000000114e+02
1.995322381930184747e+03 3.635000000000000000e+02
1.995399041752224548e+03 3.633999999999999773e+02
1.995475701574264122e+03 3.628000000000000114e+02
1.995552361396303922e+03 3.615000000000000000e+02
1.995629021218343496e+03 3.586999999999999886e+02
1.995705681040383297e+03 3.585000000000000000e+02
1.995782340862423098e+03 3.576000000000000227e+02
1.995859000684462671e+03 3.593999999999999773e+02
1.995935660506502472e+03 3.603999999999999773e+02
